0100000000000000000000000000000000000000000000000000000000000000000000000000000000000000000010
0000000000000000000000000000000000000000000000000000000000000000000000000000000000000000000000
0000000000000000000000000000000000000000000000000000000000000000000000000000000000000000000000
0000000000000000000000000000000000000000000000000000000000000000000000000000000000000000000000
0000000000000000000000000000000000000000000000000000000000000000000000000000000000000000000000
0000000000000000000000000000000000000000000000000000000000000000000000000000000000000000000000
0000000000000000000000000000000000000000000000000000000000000000000000000000000000000000000000
0000000000000000000000000000000000000000000000000000000000000000000000000000000000000000000000
0000000000000000000000000000000000000000000000000000000000000000000000000000000000000000000000
0000000000000000000000000000000000000000000000000000000000000000000000000000000000000000000000
0000000000000000000000000000000000000000000000000000000000000000000000000000000000000000000000
0000000000000000000000000000000000000000000001000000000000000000000000000000000000000000000000
0000000000000000000000000000000000000000000110000000000000000000000000000000000000000000000000
0000000000000000000000000000000000000000010010000000000000000000000000000000000000000000000000
0000000000000000000000000000000000000001000010000000000000000000000000000000000000000000000000
0000000000000000000000000000000000000100000010000000000000000000000000000000000000000000000000
0000000000000000000000000000000000010000000010000000000000000000000000000000000000000000000000
0000000000000000000000000000000001000000000100000000000000000000000000000000000000000000000000
0000000000000000000000000000000100000000000100000000000000000000000000000000000000000000000000
0000000000000000000000000000010000000000000100000000000000000000000000000000000000000000000000
0000000000000000000000000001000000000000001000000000000000000000000000000000000000000000000000
0000000000000000000000000100000000000000001000000000000000000000000000000000000000000000000000
0000000000000000000000010000000000000000001000000000000000000000000000000000000000000000000000
0000000000000000000001000000000000000000001000000000000000000000000000000000000000000000000000
0000000000000000000100000000000000000000010000000000000000000000000000000000000000000000000000
0000000000000000010000000000000000000000010000000000000000000000000000000000000000000000000000
0000000000000001000000000000000000000000010000000000000000000000000000000000000000000000000000
0000000000000100000000000000000000000000100000000000000000000000000000000000000000000000000000
0000000000010000000000000000000000000000100000000000000000000000000000000000000000000000000003
0000000001000000000000000000000000000000100000000000000000000000000000000000000000000000000003
0000000100000000000000000000000000000001000000000000000000000000000000000000000000000000000003
0000010000000000000000000000000000000001000000000000000000000000000000000000000000000000000003
0001000000000000000000000000000000000001000000000000000000000000000000000000000000000000000000
1100000000030000000000000000000000000010000000000000000000000000000000000000000000000003000020

image image:tiles
