family
00000000000000000000000000000000
02020202020303030303000000000000
02020202020303030303000000000000
02020202020303030303000000000000
00000000000000000000000000000000
00000000000000000000000000000000
00000000000000000000000000000000
00000000000000000000000000000000
01010101010104040404040400000000
01010101010104040404040400000000
01010101010104040404040400000000
00000000000000000000000000000000
00000000000000000000000000000000
00000000000000000000000000000000
00000000000000000000000000000000
00000000000000000000000000000000

neighbors
00000000000000000000000000000000
0b1f16fefb0b1f16fefb000000000000
6bffd6df7f6bffd6df7f000000000000
68f8d0000068f8d00000000000000000
00000000000000000000000000000000
00000000000000000000000000000000
00000000000000000000000000000000
00000000000000000000000000000000
0b1f16fefb000b1f16fefb0000000000
6bffd6df7f006bffd6df7f0000000000
68f8d07eda0068f8d07eda0000000000
00000000000000000000000000000000
00000000000000000000000000000000
00000000000000000000000000000000
00000000000000000000000000000000
00000000000000000000000000000000

physics
00000000000000000000000000000000
02020202020101010101000000000000
02020202020101010101000000000000
02020202020101010101000000000000
00000000000000000000000000000000
00000000000000000000000000000000
00000000000000000000000000000000
00000000000000000000000000000000
01010101010100000000000000000000
01010101010100000000000000000000
01010101010100000000000000000000
00000000000000000000000000000000
00000000000000000000000000000000
00000000000000000000000000000000
00000000000000000000000000000000
00000000000000000000000000000000

